0.00000000
0.00000000
55.98724958
56.03466979
56.08431231
56.12952009
56.16376876
56.18466933
56.19565751
56.19925307
56.20013428
56.20013428
56.20013428
56.20013428
56.20013428
56.20013428
56.20013428
56.20013428
56.20013428
56.20013428
56.20013428
56.20013428
56.20013428
56.20013428
56.20013428
56.20013428
56.20013428
56.19925307
56.19653875
56.19002745
56.17786272
56.16016316
56.14010692
56.12240736
56.11024264
56.10373133
56.10101701
56.10013580
56.10013580
56.10013580
56.10013580
56.10013580
56.10013580
56.10013580
56.10013580
56.10013580
56.10013580
56.10013580
56.10013580
56.10013580
56.10013580
56.10013580
56.10013580
56.10013580
56.10013580
56.10013580
56.10013580
56.10013580
56.10013580
0.00000000
0.00000000
0.00000000
0.00000000
0.00000000
0.00000000
0.00000000
0.00000000
0.00000000
0.00000000
0.00000000
0.00000000
0.00000000
0.00000000
0.00000000
0.00000000
0.00000000
0.00000000
0.00000000
0.00000000
0.00000000
0.00000000
0.00000000
0.00000000
0.00000000
0.00000000
0.00000000
0.00000000
0.00000000
0.00000000
0.00000000
56.24077442
56.25950024
57.84070363
57.91077701
57.97557117
58.02390001
58.04988534
58.05664984
58.05768834
58.06336651
58.07920900
58.09793184
58.10728735
58.10210996
58.08895856
58.07996071
58.08378117
58.09743283
58.10912053
58.10728735
58.09004003
58.06802032
58.05391574
58.05293924
58.06105585
58.06953011
58.07136329
58.06668616
58.06150876
58.06239001
58.06940058
58.07875609
58.08426980
58.08379857
58.07947658
58.07434320
58.07066074
0.00000000
0.00000000
0.00000000
0.00000000
0.00000000
0.00000000
0.00000000
0.00000000
0.00000000
0.00000000
0.00000000
0.00000000
0.00000000
0.00000000
0.00000000
0.00000000
0.00000000
0.00000000
0.00000000
0.00000000
0.00000000
0.00000000
0.00000000
0.00000000
0.00000000
0.00000000
0.00000000
0.00000000
0.00000000
0.00000000
0.00000000
0.00000000
0.00000000
0.00000000
0.00000000
0.00000000
0.00000000
0.00000000
0.00000000
0.00000000
0.00000000
0.00000000
0.00000000
0.00000000
0.00000000
0.00000000
0.00000000
0.00000000
0.00000000
56.30037078
56.26844939
56.24171297
56.22412703
56.21765783
56.22145471
56.22999970
56.23789152
56.23789152
56.23088095
56.22240668
56.21946747
56.22512110
56.23651129
56.24646118
56.24636614
56.23138068
56.20664697
56.18376964
56.17248569
56.17386565
56.18145828
56.18731313
56.18731313
56.18057704
56.17026999
56.16237848
56.16149727
56.16667446
56.17135142
56.16863710
56.15744884
56.14282124
56.13163298
56.12891866
56.13359562
56.13877281
56.13789160
56.13000009
56.11969304
56.11207574
56.11024264
56.11318173
56.11783537
56.12019204
56.11783537
56.11230052
56.10664711
56.10285012
56.10101701
56.10013580
56.10013580
56.10013580
56.10013580
56.10013580
56.10013580
56.10013580
0.00000000
0.00000000
0.00000000
0.00000000
0.00000000
0.00000000
0.00000000
0.00000000
0.00000000
0.00000000
0.00000000
0.00000000
0.00000000
0.00000000
0.00000000
0.00000000
0.00000000
0.00000000
0.00000000
0.00000000
0.00000000
0.00000000
0.00000000
0.00000000
0.00000000
0.00000000
0.00000000
0.00000000
0.00000000
0.00000000
0.00000000
57.98127300
58.02054614
58.05554946
58.07758649
58.08163862
58.07145861
58.05945079
58.05663016
58.06890156
58.09004003
58.10728735
58.11000177
58.10014725
58.08941148
58.09029272
58.10286167
58.11651333
58.11945254
58.10774027
58.08807732
58.07161598
58.06598567
58.07028182
58.07875609
58.08440972
58.08438640
58.08156576
58.08009025
58.08156576
58.08526764
58.08700835
58.08471268
58.07947658
58.07434320
58.07066074
0.00000000
0.00000000
0.00000000
0.00000000
0.00000000
0.00000000
0.00000000
0.00000000
0.00000000
0.00000000
0.00000000
0.00000000
0.00000000
0.00000000
0.00000000
0.00000000
0.00000000
0.00000000
0.00000000
0.00000000
0.00000000
0.00000000
0.00000000
0.00000000
0.00000000
0.00000000
0.00000000
0.00000000
0.00000000
0.00000000
0.00000000
0.00000000
0.00000000
0.00000000
0.00000000
0.00000000
0.00000000
0.00000000
0.00000000
0.00000000
0.00000000
0.00000000
0.00000000
0.00000000
0.00000000
0.00000000
0.00000000
0.00000000
0.00000000
55.63452833
55.95242115
56.15584833
56.19275973
56.21903701
56.23090083
56.23095170
56.22891824
56.23075141
56.24010692
56.25005674
56.25287744
56.24354540
56.22522778
56.20742153
56.19941123
56.20382591
56.21512070
56.22127338
56.21378686
56.19274290
56.16889050
56.15390489
56.15292821
56.16104440
56.16863710
56.16775589
56.15744884
56.14282124
56.13251419
56.13163298
56.14010692
56.15093754
56.15559117
56.15093754
56.14010692
56.13163298
56.13339543
56.14906056
56.17548184
56.20991396
56.24917980
56.28962767
56.32838929
0.00000000
58.15425763
58.14851939
58.12302595
58.08079837
58.03799057
58.01603073
58.02529098
58.05542689
58.08501577
58.09629928
58.08732575
58.07073477
58.06314171
58.07161598
58.09092127
58.10728735
58.10912053
58.09655158
58.08018550
58.07161598
58.07387748
58.08235175
58.09092127
58.09655158
58.09926600
58.09926600
58.09655158
58.09092127
58.08130446
58.06916793
58.05814483
58.05157120
58.05039498
0.00000000
0.00000000
0.00000000
0.00000000
0.00000000
0.00000000
0.00000000
0.00000000
55.20012665
56.26148986
56.28376467
56.29356708
56.28423189
56.25884940
56.23296829
56.22537523
56.24174101
56.27135335
56.29357428
56.29269304
56.26775769
56.23163379
56.20398407
56.19747252
56.21024267
56.22866639
56.23625930
56.22507083
56.20013570
56.17520058
56.16401210
56.17160495
56.19090983
56.20639434
56.20551313
56.18731427
56.16149798
56.14174016
56.13522864
56.14098817
56.15093754
56.15559117
56.15093754
56.14098817
56.13434740
56.14078823
56.16482141
56.20264744
56.25009235
56.30209345
56.35385467
56.40213587
0.00000000
58.16048496
58.13097195
58.09240053
58.05209382
58.02561032
58.02538591
58.05022596
58.08307627
58.10183430
58.09815677
58.07920904
58.06314171
58.06402296
58.08280467
58.10826385
58.12410635
58.12128572
58.10306314
58.08289992
58.07249722
58.07387748
58.08235175
58.09092127
58.09655158
58.09926600
58.09926600
58.09655158
58.09092127
58.08147051
58.07028182
58.06239001
58.06150876
58.06668616
58.07224453
58.07136329
58.05956559
58.04090324
58.01459131
57.97956984
57.93645666
57.66322782
57.20484479
56.02589676
56.05217617
56.09488276
56.15499611
56.22985928
56.28082316
56.30546294
56.28889559
56.24661919
56.20767474
56.19674861
56.21752922
56.25375943
56.27967018
56.27781390
56.24917688
56.21157756
56.18628451
56.18530780
56.20373136
56.22595208
56.23537810
56.22507083
56.19925446
56.17160491
56.15478613
56.15292821
56.16104440
56.16863710
56.16775589
56.15744884
56.14282124
56.13251419
56.13163298
56.13834447
56.14462756
56.13809144
56.11466734
56.07844673
56.04387102
56.02383949
56.02185229
56.03408291
57.83043251
57.85943321
57.90442870
57.96379882
58.02530462
58.07043217
58.08619245
58.07427982
58.05303521
58.04396672
58.05663083
58.08526811
58.11205999
58.12139204
58.11009706
58.08843498
58.07259248
58.07161598
58.08147051
58.09046836
58.08906353
58.07885134
58.06802032
58.06422318
58.06844864
58.07495895
58.07875609
58.07885134
58.07920900
58.08156576
58.08438640
58.08440972
58.07875609
58.06940058
58.06150876
58.05703192
58.05523140
58.04789228
58.02959578
58.00140300
57.79388683
57.16822562
56.43556887
56.17269531
56.15530285
56.16887672
56.21118545
56.26223309
56.29341636
56.28812066
56.24917642
56.20126987
56.17253749
56.17771474
56.21024292
56.24930595
56.27042092
56.26282808
56.23271554
56.20038887
56.18540326
56.19290085
56.21184807
56.22409458
56.21855953
56.19654014
56.17160495
56.15750055
56.15943976
56.17320959
56.18633734
56.18781289
56.17514908
56.15498642
56.13902574
56.13434740
56.14098817
56.15093754
56.15647238
56.15541434
56.15645322
56.17012828
56.20736125
56.26671330
56.33808117
56.40933091
57.76206797
58.00530653
58.14965310
58.12702577
58.07420498
58.05192723
58.04589548
58.06304746
58.09318345
58.11488073
58.11585701
58.09926604
58.08084196
58.07618814
58.08931622
58.11097827
58.12498759
58.12128572
58.10306314
58.08289992
58.07249722
58.07387748
58.08235175
58.09092127
58.09655158
58.09926600
58.09926600
58.09655158
58.09092127
58.08147051
58.07028182
58.06239001
58.06239001
58.06940058
58.07875609
58.08617217
58.09069638
58.09730304
58.11005047
58.12641634
58.13568832
58.12770134
58.10308599
58.07453162
58.05663006
58.05470169
58.06465151
58.07875609
58.09004003
58.09655158
58.09926600
58.10014725
58.10014725
58.10014725
58.10014725
58.10014725
58.10014725
58.10014725
58.10014725
58.10102849
58.10374291
58.11113567
58.12425272
58.14039187
58.15232889
58.14922263
58.12861020
58.10576088
58.04620356
58.02781520
58.24169896
58.48644257
58.50589494
58.25089314
58.01853436
58.03135684
58.41421446
58.83993531
58.90116241
60.06762828
60.09955187
60.06356734
59.86333450
59.63554716
59.70938021
59.68509605
59.68384021
58.02969781
58.02483833
58.04480035
58.08570233
58.12824706
58.14965027
58.14375869
58.12762089
58.12002801
58.12893060
58.14346215
58.14680632
58.13227347
58.11158802
58.10497147
58.12352810
58.15929426
58.18910812
58.19018970
58.15537573
58.09965055
58.05726824
58.05985094
58.11593363
58.19652385
58.25359813
58.26048295
58.20687536
58.15592287
58.13292596
58.46164325
58.91609093
59.00078607
60.06812420
60.06786349
59.94912431
59.84369920
59.77625690
59.80894287
59.83884512
59.88764391
56.98765735
57.33425644
57.72451771
57.84302650
58.01463380
58.07657357
58.11270478
58.11680838
58.10351566
58.09222091
58.09582767
58.10806235
58.11458490
58.10718114
58.09311336
58.08570960
58.09223215
58.10358561
58.10447803
58.08843435
58.06367795
58.05174942
58.06798546
58.11063767
58.43127430
58.81946763
58.87932031
60.02130310
60.16979627
60.19401933
59.48564724
59.51694821
59.56593558
59.85213906
60.14968744
60.13806644
59.90870417
59.70398880
59.70046940
59.92912737
60.12494515
60.11254633
60.05263876
58.67397893
58.30303980
58.09795874
58.08778074
58.09970394
58.13082477
58.14117619
58.13715221
58.11794231
58.09863720
58.09300704
58.10102846
58.11088302
58.11088302
58.10014725
58.09029272
58.09388838
58.11208764
58.13430886
58.14395999
58.12996191
58.09318370
58.04972930
58.02498440
58.03974288
58.09146948
58.15080325
58.18227513
58.17529259
58.13712441
58.11938940
58.13636111
58.28564456
58.60684732
58.30362260
58.10807963
58.04828594
58.00287430
58.96473854
59.02374985
59.07194627
60.10015869
0.00000000
57.08765582
57.40808031
57.78571091
57.89856051
58.05663547
58.10755240
58.13154732
58.12603425
58.10711129
58.09310215
58.09582767
58.10806235
58.11458490
58.10718114
58.09223211
58.08299518
58.08660180
58.09589720
58.10048028
58.09899367
58.10136212
58.12189223
58.16443462
58.21994606
58.27739757
60.12884296
60.18069576
60.17891322
59.94125149
59.74500240
59.66186717
59.88356745
60.02610330
60.04567020
59.99337746
59.94198822
59.92649273
59.95252343
60.00102040
60.03163815
60.02143154
59.97796565
59.92012966
58.03623255
57.99990169
57.96974697
57.96002384
57.98190944
58.03360886
58.09250204
58.13212696
58.13862710
58.12392954
58.11089693
58.11450370
58.12847623
58.13552234
58.12576191
58.10887360
58.10409022
58.12440934
58.16288989
58.19833399
58.20886619
58.18435948
58.13381159
58.08579910
58.07192090
58.10834125
58.17633844
58.23275640
58.24494803
58.21313020
58.12737411
58.07260495
58.23888197
58.77965667
59.04044795
59.07142325
60.22705511
60.20440937
59.88092799
59.40590630
59.42877297
59.10995801
58.41329145
58.06912460
58.05217542
58.06680030
58.09748128
58.11971476
58.11768965
58.10351566
58.09222091
58.09582767
58.10894359
58.11729931
58.11369269
58.10527854
58.10340984
58.11317036
58.12576262
58.12858326
58.11837104
58.10595814
58.10670953
58.12791940
58.16191107
58.18729787
58.18534829
58.15990537
58.11269494
58.09570390
58.10961793
58.42362154
58.90119020
58.96686135
57.97383422
57.89334167
57.90603014
59.35326537
59.39603782
59.75885785
60.01543510
60.04647918
59.95736283
59.87762095
59.77603261
59.77169544
59.75394022
0.00000000
57.98313889
58.00093258
58.03702657
58.08379905
58.12276959
58.13758009
58.12913033
58.11731316
58.12002755
58.14011862
58.16168521
58.16633906
58.15006854
58.12666899
58.11351671
58.11676588
58.12664383
58.13122692
58.12915775
58.13126592
58.15249117
58.19223688
58.31077024
58.34781737
58.66890640
58.09797258
58.04345545
58.11836344
59.51472291
59.57658118
59.86366257
60.07462325
60.04513680
59.96644343
59.91793839
59.88188840
59.87831040
59.90333207
0.00000000
0.00000000
