0.00000000
0.00000000
0.00000000
59.88727400
59.93469420
59.98433672
60.02954451
60.06379318
60.08469374
60.09568192
60.09927748
60.10015869
60.10015869
60.10015869
60.10015869
60.10015869
60.10015869
60.10015869
60.10015869
60.10015869
60.10015869
60.10015869
60.10015869
60.10015869
60.10015869
60.10015869
60.10015869
60.10015869
60.10015869
60.10015869
60.10015869
60.10015869
60.10015869
60.10015869
60.10015869
60.10015869
60.10015869
60.10015869
60.10015869
60.10015869
60.10015869
60.10015869
60.10015869
60.10015869
60.10015869
60.10015869
60.10015869
60.10015869
60.10015869
60.10015869
60.10015869
60.10015869
60.10015869
60.10015869
60.10015869
60.10015869
60.10015869
60.10015869
60.10015869
60.10015869
60.10015869
60.10015869
60.10015869
60.10015869
60.10015869
60.10015869
60.10015869
60.10015869
60.10015869
60.10015869
60.10015869
0.00000000
0.00000000
0.00000000
0.00000000
0.00000000
0.00000000
0.00000000
0.00000000
0.00000000
0.00000000
0.00000000
0.00000000
0.00000000
0.00000000
0.00000000
0.00000000
0.00000000
0.00000000
0.00000000
59.76377796
59.82189361
59.88942268
59.95838834
60.01778582
60.05970752
60.08469374
60.09568192
60.09927748
60.10015869
60.10015869
60.10015869
60.10015869
60.10015869
60.10015869
60.10015869
60.10015869
60.10015869
60.10015869
60.10015869
60.10015869
60.10015869
60.10015869
60.10015869
60.10015869
60.10015869
60.10015869
60.10015869
60.10015869
60.10015869
60.10015869
60.10015869
60.10015869
60.10015869
60.10015869
60.10015869
60.10015869
60.10015869
60.10015869
60.10015869
60.10015869
60.10015869
60.10015869
60.10015869
60.10015869
60.10015869
60.10015869
60.10015869
60.10015869
60.10015869
60.10015869
60.10015869
60.10015869
60.10015869
60.10015869
60.10015869
60.10015869
60.10015869
60.10015869
60.10015869
60.10015869
60.10015869
60.10015869
60.10015869
60.10015869
60.10015869
60.10015869
0.00000000
0.00000000
0.00000000
0.00000000
0.00000000
0.00000000
0.00000000
0.00000000
0.00000000
0.00000000
0.00000000
0.00000000
0.00000000
0.00000000
0.00000000
0.00000000
0.00000000
0.00000000
0.00000000
0.00000000
60.11723350
60.09712849
60.08522379
60.08268939
60.08679373
60.09269556
60.09656317
60.09927748
60.10015869
60.10015869
60.10015869
60.10015869
60.10015869
60.10015869
60.10015869
60.10015869
60.10015869
60.10015869
60.10015869
60.10015869
60.10015869
60.10015869
60.10015869
60.10015869
60.10015869
60.10015869
60.10015869
60.10015869
60.10015869
60.10015869
60.10015869
60.10015869
60.10015869
60.10015869
60.10015869
60.10015869
60.10015869
60.10015869
60.10015869
60.10015869
60.10015869
60.10015869
60.10015869
60.10015869
60.10015869
60.10015869
60.10015869
60.10015869
60.10015869
60.10015869
60.10015869
60.10015869
60.10015869
60.10015869
60.10015869
60.10015869
60.10015869
60.10015869
60.10015869
60.10015869
60.10015869
60.10015869
60.10015869
60.10015869
0.00000000
0.00000000
0.00000000
0.00000000
0.00000000
0.00000000
0.00000000
0.00000000
0.00000000
0.00000000
0.00000000
0.00000000
0.00000000
0.00000000
0.00000000
0.00000000
0.00000000
0.00000000
0.00000000
0.00000000
0.00000000
0.00000000
60.03726199
60.05158450
60.06693666
60.08078611
60.09085105
60.09656317
60.09927748
60.10015869
60.10015869
60.10015869
60.10015869
60.10015869
60.10015869
60.10015869
60.10015869
60.10015869
60.10015869
60.10015869
60.10015869
60.10015869
60.10015869
60.10015869
60.10015869
60.10015869
60.10015869
60.10015869
60.10015869
60.10015869
60.10015869
60.10015869
60.10015869
60.10015869
60.10015869
60.10015869
60.10015869
60.10015869
60.10015869
60.10015869
60.10015869
60.10015869
60.10015869
60.10015869
60.10015869
60.10015869
60.10015869
60.10015869
60.10015869
60.10015869
60.10015869
60.10015869
60.10015869
60.10015869
60.10015869
60.10015869
60.10015869
60.10015869
60.10015869
60.10015869
60.10015869
60.10015869
60.10015869
60.10015869
60.10015869
0.00000000
0.00000000
0.00000000
0.00000000
0.00000000
0.00000000
0.00000000
0.00000000
0.00000000
0.00000000
0.00000000
0.00000000
0.00000000
0.00000000
0.00000000
0.00000000
0.00000000
0.00000000
0.00000000
0.00000000
0.00000000
0.00000000
0.00000000
59.95802624
59.97720724
60.00524625
60.03718955
60.06543978
60.08462323
60.09480075
60.09927748
60.10015869
60.10015869
60.10015869
60.10015869
60.10015869
60.10015869
60.10015869
60.10015869
60.10015869
60.10015869
60.10015869
60.10015869
60.10015869
60.10015869
60.10015869
60.10015869
60.10015869
60.10015869
60.10015869
60.10015869
60.10015869
60.10015869
60.10015869
60.10015869
60.10015869
60.10015869
60.10015869
60.10015869
60.10015869
60.10015869
60.10015869
60.10015869
60.10015869
60.10015869
60.10015869
60.10015869
60.10015869
60.10015869
60.10015869
60.10015869
60.10015869
60.10015869
60.10015869
60.10015869
60.10015869
60.10015869
60.10015869
60.10015869
60.10015869
60.10015869
60.10015869
60.10015869
60.10015869
60.10015869
60.10015869
60.10015869
60.10015869
0.00000000
0.00000000
0.00000000
0.00000000
0.00000000
0.00000000
0.00000000
0.00000000
0.00000000
0.00000000
0.00000000
0.00000000
0.00000000
0.00000000
0.00000000
0.00000000
0.00000000
0.00000000
0.00000000
0.00000000
0.00000000
0.00000000
0.00000000
0.00000000
0.00000000
0.00000000
0.00000000
0.00000000
0.00000000
0.00000000
0.00000000
0.00000000
0.00000000
0.00000000
0.00000000
0.00000000
0.00000000
0.00000000
0.00000000
0.00000000
0.00000000
0.00000000
0.00000000
0.00000000
0.00000000
0.00000000
0.00000000
0.00000000
0.00000000
0.00000000
0.00000000
0.00000000
0.00000000
0.00000000
0.00000000
0.00000000
0.00000000
0.00000000
0.00000000
0.00000000
0.00000000
0.00000000
0.00000000
0.00000000
0.00000000
0.00000000
0.00000000
0.00000000
0.00000000
0.00000000
0.00000000
0.00000000
0.00000000
0.00000000
0.00000000
0.00000000
0.00000000
0.00000000
0.00000000
0.00000000
0.00000000
0.00000000
0.00000000
0.00000000
0.00000000
0.00000000
0.00000000
0.00000000
0.00000000
0.00000000
0.00000000
0.00000000
0.00000000
0.00000000
0.00000000
0.00000000
0.00000000
0.00000000
0.00000000
0.00000000
0.00000000
0.00000000
0.00000000
0.00000000
59.98708974
59.96161500
59.94246823
59.93906881
59.95714572
59.99247131
60.03228535
60.06506571
60.08557502
60.09568192
60.09927748
60.10015869
60.10015869
60.10015869
60.10015869
60.10015869
60.10015869
60.10015869
60.10015869
60.10015869
60.10015869
60.10015869
60.10015869
60.10015869
60.10015869
60.10015869
60.10015869
60.10015869
60.10015869
60.10015869
60.10015869
60.10015869
60.10015869
60.10015869
60.10015869
60.10015869
60.10015869
60.10015869
60.10015869
60.10015869
60.10015869
60.10015869
60.10015869
60.10015869
60.10015869
60.10015869
60.10015869
60.10015869
60.10015869
60.10015869
60.10015869
60.10015869
60.10015869
60.10015869
60.10015869
60.10015869
60.10015869
60.10015869
60.10015869
60.10015869
60.10015869
60.10015869
60.10015869
60.10015869
60.10015869
60.10015869
60.10015869
60.10015869
60.10015869
60.10015869
60.10015869
60.10015869
60.10015869
60.10015869
60.10015869
60.10015869
0.00000000
0.00000000
0.00000000
0.00000000
0.00000000
0.00000000
0.00000000
0.00000000
0.00000000
0.00000000
0.00000000
0.00000000
0.00000000
0.00000000
0.00000000
0.00000000
0.00000000
0.00000000
0.00000000
0.00000000
0.00000000
0.00000000
0.00000000
0.00000000
0.00000000
0.00000000
0.00000000
0.00000000
0.00000000
0.00000000
0.00000000
0.00000000
0.00000000
0.00000000
0.00000000
0.00000000
0.00000000
0.00000000
0.00000000
0.00000000
0.00000000
0.00000000
0.00000000
0.00000000
0.00000000
0.00000000
0.00000000
0.00000000
0.00000000
0.00000000
0.00000000
0.00000000
0.00000000
0.00000000
0.00000000
0.00000000
0.00000000
0.00000000
0.00000000
0.00000000
0.00000000
0.00000000
0.00000000
0.00000000
0.00000000
0.00000000
0.00000000
0.00000000
0.00000000
0.00000000
0.00000000
0.00000000
0.00000000
0.00000000
0.00000000
0.00000000
0.00000000
0.00000000
0.00000000
0.00000000
0.00000000
0.00000000
0.00000000
0.00000000
0.00000000
0.00000000
0.00000000
0.00000000
0.00000000
0.00000000
0.00000000
0.00000000
0.00000000
0.00000000
0.00000000
0.00000000
0.00000000
59.22199669
59.25973998
59.60346180
59.91192308
59.97080428
60.02279035
60.06105473
60.08381253
60.09568192
60.09927748
60.10015869
60.10015869
60.10015869
60.10015869
60.10015869
60.10015869
60.10015869
60.10015869
60.10015869
60.10015869
60.10015869
60.10015869
60.10015869
60.10015869
60.10015869
60.10015869
60.10015869
60.10015869
60.10015869
60.10015869
60.10015869
60.10015869
60.10015869
60.10015869
60.10015869
60.10015869
60.10015869
60.10015869
60.10015869
60.10015869
60.10015869
60.10015869
60.10015869
60.10015869
60.10015869
60.10015869
60.10015869
60.10015869
60.10015869
60.10015869
60.10015869
60.10015869
60.10015869
60.10015869
60.10015869
60.10015869
60.10015869
60.10015869
60.10015869
60.10015869
60.10015869
60.10015869
60.10015869
60.10015869
60.10015869
60.10015869
0.00000000
0.00000000
0.00000000
0.00000000
0.00000000
0.00000000
0.00000000
0.00000000
0.00000000
0.00000000
0.00000000
0.00000000
0.00000000
0.00000000
0.00000000
0.00000000
0.00000000
0.00000000
0.00000000
0.00000000
0.00000000
0.00000000
0.00000000
0.00000000
0.00000000
0.00000000
0.00000000
0.00000000
0.00000000
0.00000000
0.00000000
0.00000000
0.00000000
0.00000000
0.00000000
0.00000000
0.00000000
0.00000000
0.00000000
0.00000000
0.00000000
0.00000000
0.00000000
0.00000000
0.00000000
0.00000000
0.00000000
0.00000000
0.00000000
0.00000000
0.00000000
0.00000000
0.00000000
0.00000000
0.00000000
0.00000000
0.00000000
0.00000000
0.00000000
0.00000000
0.00000000
0.00000000
0.00000000
0.00000000
0.00000000
0.00000000
0.00000000
0.00000000
0.00000000
0.00000000
0.00000000
0.00000000
0.00000000
0.00000000
0.00000000
0.00000000
0.00000000
0.00000000
0.00000000
0.00000000
0.00000000
0.00000000
0.00000000
0.00000000
0.00000000
0.00000000
0.00000000
0.00000000
0.00000000
0.00000000
0.00000000
0.00000000
0.00000000
0.00000000
0.00000000
0.00000000
0.00000000
0.00000000
0.00000000
0.00000000
0.00000000
0.00000000
0.00000000
0.00000000
0.00000000
0.00000000
0.00000000
0.00000000
0.00000000
0.00000000
0.00000000
0.00000000
0.00000000
0.00000000
0.00000000
0.00000000
0.00000000
60.10015869
60.10015869
60.10015869
60.10015869
60.10015869
60.10015869
60.10015869
60.10015869
60.10015869
60.10015869
60.10015869
60.10015869
60.10015869
60.10015869
60.10015869
60.10015869
60.10015869
60.10015869
60.10015869
60.10015869
60.10015869
60.10015869
60.10015869
60.10015869
60.10015869
60.10015869
60.10015869
60.10015869
60.10015869
60.10015869
60.10015869
60.10015869
60.10015869
60.10015869
60.10015869
60.10015869
60.10015869
60.10015869
60.10015869
60.10015869
60.10015869
60.10015869
60.10015869
60.10015869
60.10015869
60.10015869
60.10015869
60.10015869
60.10015869
60.10015869
60.10015869
60.10015869
60.10015869
60.10015869
60.10015869
60.10015869
60.10015869
60.10015869
60.10015869
60.10015869
60.10015869
60.10015869
60.10015869
60.10015869
60.10015869
60.10015869
60.10015869
60.10015869
60.10015869
60.10015869
60.10015869
60.10015869
60.10015869
60.10015869
60.10015869
60.10015869
60.10015869
60.10015869
60.10015869
60.10015869
60.10015869
60.10015869
60.10015869
60.10015869
60.10015869
60.10015869
60.10015869
60.10015869
60.10015869
60.10015869
60.10015869
60.10015869
60.10015869
60.10015869
60.10015869
60.10015869
60.10015869
60.10015869
60.10015869
60.10015869
60.10015869
60.10015869
60.10015869
60.10015869
60.10015869
60.10015869
60.10015869
60.10015869
60.10015869
60.10015869
60.10015869
60.10015869
60.10015869
60.10015869
0.00000000
0.00000000
0.00000000
0.00000000
0.00000000
0.00000000
0.00000000
0.00000000
0.00000000
0.00000000
0.00000000
0.00000000
0.00000000
0.00000000
0.00000000
0.00000000
0.00000000
0.00000000
0.00000000
0.00000000
0.00000000
0.00000000
0.00000000
0.00000000
0.00000000
0.00000000
0.00000000
0.00000000
0.00000000
0.00000000
0.00000000
0.00000000
0.00000000
0.00000000
0.00000000
0.00000000
0.00000000
0.00000000
0.00000000
0.00000000
0.00000000
0.00000000
0.00000000
0.00000000
0.00000000
0.00000000
0.00000000
60.18110158
60.14747935
60.11369292
60.08712246
60.07411377
60.07477131
60.08236391
60.09093307
60.09656317
60.09927748
60.10015869
60.10015869
60.10015869
60.10015869
60.10015869
60.10015869
60.10015869
60.10015869
60.10015869
60.10015869
60.10015869
60.10015869
60.10015869
60.10015869
60.10015869
60.10015869
60.10015869
60.10015869
60.10015869
60.10015869
60.10015869
60.10015869
60.10015869
60.10015869
60.10015869
60.10015869
60.10015869
60.10015869
60.09839624
60.09120505
60.07275345
60.03628196
59.98014795
59.91562337
59.86421577
59.84737410
59.87210789
59.92681249
59.98959907
60.04191249
60.07546798
60.09208633
60.09839624
60.10015869
60.10015869
60.10015869
60.10015869
60.10015869
60.10015869
60.10015869
60.10015869
60.10015869
60.10015869
60.10015869
60.10015869
60.10015869
60.10015869
60.10015869
60.10015869
60.10015869
60.10015869
60.10015869
60.10015869
60.10015869
60.10015869
60.10015869
60.10015869
60.10015869
60.10015869
60.09927748
60.09568192
60.08811250
60.07403169
60.05482840
60.03313754
59.85421055
59.38796304
59.04079273
60.05584434
60.00073864
60.07262106
60.08167577
60.08975860
60.09561120
60.09839624
60.10015869
60.10015869
60.10015869
60.10015869
60.10015869
60.10015869
60.10015869
60.10015869
60.10015869
60.10015869
60.10015869
60.10015869
60.10015869
60.10015869
60.10015869
60.10015869
60.10015869
60.10015869
60.10015869
60.10015869
60.10015869
60.10015869
60.10015869
60.10015869
60.10015869
60.10015869
60.10015869
60.10015869
60.10015869
60.10103993
60.10375435
60.11026591
60.12154985
60.13565446
60.14648559
60.14639055
60.13140509
60.10667139
60.08379405
60.07251011
60.07389007
60.08236391
60.09093307
60.09656317
60.09927748
60.10015869
60.10015869
60.10015869
60.10015869
60.10015869
60.10015869
60.10015869
60.10015869
60.10015869
60.10015869
60.10015869
60.10015869
60.10015869
60.10015869
60.10015869
60.10015869
60.10015869
60.10015869
60.10015869
60.10015869
60.10015869
60.10015869
60.10015869
60.10015869
60.10015869
60.10015869
60.09927748
60.09480075
60.08537415
60.06727779
60.03948626
60.00469856
59.81655097
59.35940152
59.04079273
59.98936666
59.95734594
60.04484767
60.06816720
60.08428160
60.09384875
60.09839624
60.10015869
60.10015869
60.10015869
60.10015869
60.10015869
60.10015869
60.10015869
60.10015869
60.10015869
60.10015869
60.10015869
60.10015869
60.10015869
60.10015869
60.10015869
60.10015869
60.10015869
60.10015869
60.10015869
60.10015869
60.10015869
60.10015869
60.10015869
60.10015869
60.10015869
60.10015869
60.10015869
60.10015869
60.09839624
60.09120505
60.07187224
60.03356764
59.97363664
59.90257744
59.84380189
59.82080655
59.84224360
59.89694820
59.96303153
60.02149861
60.06242205
60.08557502
60.09568192
60.09927748
60.10015869
60.10015869
60.10015869
60.10015869
60.10015869
60.10015869
60.10015869
60.10015869
60.10015869
60.10015869
60.10015869
60.10015869
60.10015869
60.10015869
60.10015869
60.10015869
60.10015869
60.10015869
60.10015869
60.10015869
60.10015869
60.10015869
60.10015869
60.10015869
60.10015869
60.10015869
60.09927748
60.09215705
60.07715860
60.04840202
60.00322919
59.95355717
59.73963830
59.18143135
59.94863168
59.98408813
60.01655805
60.04571129
60.07091678
60.08638568
60.09480075
60.09927748
60.10015869
60.10015869
60.10015869
60.10015869
60.10015869
60.10015869
60.10015869
60.10015869
60.10015869
60.10015869
60.10015869
60.10015869
60.10015869
60.10015869
60.10015869
60.10015869
60.10015869
60.10015869
60.10015869
60.10015869
60.10015869
60.10015869
60.10015869
60.10015869
60.10015869
60.10015869
60.10015869
60.10015869
60.10015869
60.10103993
60.10375435
60.10938467
60.11795422
60.12642859
60.12869031
60.11923990
60.10015983
60.08107963
60.07162886
60.07389007
60.08236391
60.09093307
60.09656317
60.09927748
60.10015869
60.10015869
60.10015869
60.10015869
60.10015869
60.10015869
60.10015869
60.10015869
60.10015869
60.10015869
60.10015869
60.10015869
60.10015869
60.10015869
60.10015869
60.10015869
60.10015869
60.10015869
60.10015869
60.10015869
60.10015869
60.10015869
60.10015869
60.10015869
60.10015869
60.10015869
60.10015869
60.10015869
60.10015869
60.10015869
60.10015869
60.10015869
60.10015869
0.00000000
