58.00000000 0.26122449 0.85333333 0.00000000 0.00000000 0.00000000 0.00000000 0.00000000 0.00000000 0.00000000 0.00000000 0.00000000
65.00000000 1.11455782 0.47020408 0.00000000 2.00000000 0.00000000 0.00000000 0.00000000 0.00000000 0.00000000 0.00000000 0.00000000
65.00000000 1.58476190 0.19736961 0.00000000 0.00000000 0.00000000 1.00000000 0.00000000 0.00000000 0.00000000 0.00000000 0.00000000
63.00000000 1.78213152 0.17995465 0.00000000 0.00000000 0.00000000 2.00000000 0.00000000 0.00000000 0.00000000 0.00000000 0.00000000
70.00000000 1.99691610 1.16099773 0.00000000 0.00000000 0.00000000 0.00000000 0.00000000 0.00000000 0.00000000 0.00000000 0.00000000
67.00000000 3.21015873 0.15673469 0.00000000 0.00000000 0.00000000 0.00000000 0.00000000 0.00000000 0.00000000 0.00000000 0.00000000
70.00000000 3.63392290 0.19156463 0.00000000 0.00000000 0.00000000 0.00000000 0.00000000 0.00000000 0.00000000 0.00000000 0.00000000
72.00000000 3.82548753 1.20163265 0.00000000 0.00000000 0.00000000 0.00000000 0.00000000 0.00000000 0.00000000 0.00000000 3.00000000
72.00000000 5.32897959 0.38893424 0.00000000 0.00000000 0.00000000 0.00000000 0.00000000 0.00000000 0.00000000 0.00000000 0.00000000
74.00000000 5.71791383 0.20897959 0.00000000 0.00000000 0.00000000 0.00000000 0.00000000 0.00000000 0.00000000 0.00000000 0.00000000
75.00000000 5.92689342 0.24380952 0.00000000 0.00000000 0.00000000 0.00000000 0.00000000 1.00000000 0.00000000 0.00000000 0.00000000
72.00000000 6.17070295 0.27863946 0.00000000 0.00000000 0.00000000 0.00000000 0.00000000 2.00000000 0.00000000 0.00000000 0.00000000
74.00000000 6.52480726 0.35990930 0.00000000 1.00000000 0.00000000 0.00000000 0.00000000 0.00000000 0.00000000 0.00000000 0.00000000
77.00000000 7.08789116 1.12616780 0.00000000 0.00000000 0.00000000 0.00000000 0.00000000 0.00000000 0.00000000 0.00000000 1.00000000
41.00000000 8.21986395 0.20897959 0.00000000 0.00000000 0.00000000 0.00000000 0.00000000 0.00000000 0.00000000 0.00000000 0.00000000
72.00000000 8.42884354 0.28444444 0.00000000 0.00000000 0.00000000 0.00000000 0.00000000 0.00000000 0.00000000 0.00000000 0.00000000
77.00000000 8.71328798 0.13351474 0.00000000 0.00000000 0.00000000 0.00000000 1.00000000 0.00000000 0.00000000 0.00000000 0.00000000
79.00000000 8.84680272 0.20317460 0.00000000 0.00000000 0.00000000 0.00000000 2.00000000 1.00000000 0.00000000 0.00000000 0.00000000
80.00000000 9.04997732 0.22058957 0.00000000 0.00000000 0.00000000 0.00000000 0.00000000 2.00000000 0.00000000 0.00000000 0.00000000
82.00000000 9.31120181 0.17995465 0.00000000 0.00000000 0.00000000 0.00000000 0.00000000 0.00000000 0.00000000 0.00000000 0.00000000
38.00000000 9.50857143 0.17995465 0.00000000 0.00000000 0.00000000 0.00000000 0.00000000 0.00000000 0.00000000 0.00000000 0.00000000
84.00000000 9.68852608 0.78947846 0.00000000 0.00000000 0.00000000 0.00000000 0.00000000 0.00000000 0.00000000 0.00000000 1.00000000
34.00000000 10.47800454 0.11029478 0.00000000 0.00000000 0.00000000 0.00000000 0.00000000 0.00000000 0.00000000 0.00000000 0.00000000
82.00000000 10.58829932 0.20317460 0.00000000 0.00000000 0.00000000 1.00000000 0.00000000 0.00000000 0.00000000 0.00000000 0.00000000
80.00000000 10.79147392 0.28444444 0.00000000 0.00000000 0.00000000 2.00000000 0.00000000 0.00000000 0.00000000 0.00000000 0.00000000
79.00000000 11.07591837 0.18575964 0.00000000 0.00000000 0.00000000 0.00000000 0.00000000 0.00000000 0.00000000 0.00000000 0.00000000
80.00000000 11.26167800 0.47600907 0.00000000 0.00000000 0.00000000 0.00000000 0.00000000 0.00000000 0.00000000 0.00000000 1.00000000
79.00000000 11.89442177 0.10448980 0.00000000 0.00000000 0.00000000 0.00000000 0.00000000 0.00000000 0.00000000 0.00000000 0.00000000
34.00000000 11.99891156 0.22058957 0.00000000 0.00000000 0.00000000 0.00000000 0.00000000 0.00000000 0.00000000 0.00000000 0.00000000
75.00000000 12.21950113 0.47020408 0.00000000 0.00000000 0.00000000 0.00000000 0.00000000 0.00000000 0.00000000 0.00000000 1.00000000
58.00000000 12.83482993 0.13351474 0.00000000 0.00000000 0.00000000 0.00000000 0.00000000 0.00000000 0.00000000 0.00000000 0.00000000
72.00000000 12.96834467 0.12190476 0.00000000 0.00000000 0.00000000 0.00000000 0.00000000 0.00000000 0.00000000 0.00000000 0.00000000
70.00000000 13.10766440 0.55147392 0.00000000 0.00000000 0.00000000 0.00000000 0.00000000 0.00000000 0.00000000 0.00000000 1.00000000
39.00000000 13.67074830 0.18575964 0.00000000 0.00000000 0.00000000 0.00000000 0.00000000 0.00000000 0.00000000 0.00000000 0.00000000
70.00000000 13.85650794 0.16834467 0.00000000 0.00000000 0.00000000 0.00000000 0.00000000 0.00000000 0.00000000 0.00000000 0.00000000
72.00000000 14.05968254 0.16834467 0.00000000 0.00000000 0.00000000 0.00000000 0.00000000 0.00000000 0.00000000 0.00000000 0.00000000
74.00000000 14.26866213 0.32507937 0.00000000 0.00000000 0.00000000 0.00000000 0.00000000 0.00000000 0.00000000 0.00000000 0.00000000
77.00000000 14.62857143 0.15673469 0.00000000 0.00000000 0.00000000 0.00000000 0.00000000 0.00000000 0.00000000 0.00000000 0.00000000
39.00000000 14.90721088 0.39473923 0.00000000 0.00000000 0.00000000 0.00000000 0.00000000 0.00000000 0.00000000 0.00000000 0.00000000
38.00000000 15.33097506 0.22639456 0.00000000 0.00000000 0.00000000 0.00000000 0.00000000 0.00000000 0.00000000 0.00000000 0.00000000
70.00000000 15.55736961 0.16834467 0.00000000 0.00000000 0.00000000 0.00000000 1.00000000 0.00000000 0.00000000 0.00000000 0.00000000
72.00000000 15.72571429 0.13931973 0.00000000 0.00000000 0.00000000 0.00000000 3.00000000 0.00000000 0.00000000 0.00000000 0.00000000
74.00000000 15.86503401 0.23219955 0.00000000 0.00000000 0.00000000 0.00000000 3.00000000 0.00000000 0.00000000 0.00000000 0.00000000
75.00000000 16.09723356 0.35990930 0.00000000 0.00000000 0.00000000 0.00000000 2.00000000 0.00000000 0.00000000 0.00000000 0.00000000
79.00000000 16.47455782 0.11029478 0.00000000 0.00000000 0.00000000 0.00000000 0.00000000 1.00000000 0.00000000 0.00000000 0.00000000
80.00000000 16.58485261 0.15092971 0.00000000 0.00000000 0.00000000 0.00000000 0.00000000 2.00000000 0.00000000 0.00000000 0.00000000
83.00000000 16.93895692 0.13351474 0.00000000 0.00000000 0.00000000 0.00000000 0.00000000 0.00000000 0.00000000 0.00000000 0.00000000
60.00000000 17.07247166 0.16253968 0.00000000 0.00000000 0.00000000 0.00000000 0.00000000 0.00000000 0.00000000 0.00000000 0.00000000
84.00000000 17.23501134 0.79528345 0.00000000 0.00000000 0.00000000 0.00000000 0.00000000 0.00000000 0.00000000 0.00000000 1.00000000
74.00000000 18.25088435 0.20317460 0.00000000 0.00000000 0.00000000 0.00000000 1.00000000 0.00000000 0.00000000 0.00000000 0.00000000
75.00000000 18.45405896 0.18575964 0.00000000 0.00000000 0.00000000 0.00000000 2.00000000 0.00000000 0.00000000 0.00000000 0.00000000
72.00000000 18.69206349 0.35410431 0.00000000 0.00000000 0.00000000 0.00000000 0.00000000 0.00000000 0.00000000 0.00000000 0.00000000
62.00000000 19.09841270 0.18575964 0.00000000 0.00000000 0.00000000 0.00000000 0.00000000 0.00000000 0.00000000 0.00000000 0.00000000
63.00000000 19.28417234 0.17995465 0.00000000 0.00000000 0.00000000 0.00000000 0.00000000 0.00000000 0.00000000 0.00000000 0.00000000
72.00000000 19.50476190 0.71981859 0.00000000 58.00000000 0.00000000 0.00000000 0.00000000 0.00000000 0.00000000 0.00000000 1.00000000
77.00000000 20.32907029 1.02167800 0.00000000 0.00000000 0.00000000 0.00000000 0.00000000 0.00000000 0.00000000 1.00000000 1.00000000
65.00000000 21.52489796 0.42376417 0.00000000 58.00000000 0.00000000 0.00000000 0.00000000 0.00000000 0.00000000 0.00000000 0.00000000
68.00000000 21.94866213 0.80689342 0.00000000 0.00000000 0.00000000 0.00000000 0.00000000 0.00000000 0.00000000 0.00000000 0.00000000
77.00000000 22.79038549 0.41795918 0.00000000 0.00000000 0.00000000 0.00000000 0.00000000 0.00000000 0.00000000 0.00000000 0.00000000
49.00000000 23.66693878 0.29024943 0.00000000 0.00000000 0.00000000 0.00000000 0.00000000 0.00000000 0.00000000 0.00000000 0.00000000
68.00000000 24.05006803 0.63274376 0.00000000 0.00000000 0.00000000 0.00000000 0.00000000 0.00000000 0.00000000 0.00000000 0.00000000
73.00000000 24.75827664 1.35256236 0.00000000 0.00000000 0.00000000 0.00000000 0.00000000 0.00000000 0.00000000 1.00000000 0.00000000
61.00000000 26.13405896 0.15092971 0.00000000 0.00000000 0.00000000 0.00000000 0.00000000 0.00000000 0.00000000 0.00000000 0.00000000
73.00000000 26.28498866 0.11029478 0.00000000 0.00000000 0.00000000 0.00000000 0.00000000 0.00000000 0.00000000 0.00000000 0.00000000
61.00000000 26.39528345 0.19736961 0.00000000 0.00000000 0.00000000 0.00000000 1.00000000 0.00000000 0.00000000 0.00000000 0.00000000
62.00000000 26.59265306 0.08707483 0.00000000 0.00000000 0.00000000 1.00000000 2.00000000 0.00000000 0.00000000 0.00000000 0.00000000
61.00000000 26.67972789 0.12190476 0.00000000 0.00000000 0.00000000 2.00000000 0.00000000 0.00000000 0.00000000 0.00000000 0.00000000
59.00000000 26.81904762 0.13931973 0.00000000 0.00000000 0.00000000 0.00000000 0.00000000 0.00000000 0.00000000 0.00000000 0.00000000
57.00000000 26.95836735 0.15673469 0.00000000 0.00000000 0.00000000 0.00000000 0.00000000 0.00000000 0.00000000 0.00000000 0.00000000
