0.0
200.58046
205.26884
207.65396
208.85689
210.0668
211.2837
212.50768
212.50768
213.73872
213.73872
214.97691
214.97691
214.97691
216.22227
216.22227
216.22227
217.47484
218.73466
218.73466
218.73466
220.00179
220.00179
220.00179
221.27626
222.55809
222.55809
223.84737
223.84737
225.1441
225.1441
225.1441
226.44838
226.44838
226.44838
226.44838
227.76018
227.76018
229.07959
229.07959
230.40665
230.40665
230.40665
231.74138
231.74138
233.08386
234.43411
234.43411
235.79218
235.79218
235.79218
235.79218
235.79218
235.79218
235.79218
235.79218
235.79218
234.43411
234.43411
234.43411
235.79218
234.43411
235.79218
235.79218
235.79218
234.43411
235.79218
235.79218
235.79218
235.79218
235.79218
233.08386
233.08386
234.43411
234.43411
235.79218
235.79218
235.79218
235.79218
235.79218
235.79218
235.79218
235.79218
235.79218
235.79218
234.43411
234.43411
235.79218
235.79218
198.27658
201.74243
207.65396
210.0668
212.50768
212.50768
212.50768
213.73872
213.73872
214.97691
214.97691
216.22227
216.22227
216.22227
217.47484
217.47484
218.73466
218.73466
220.00179
220.00179
221.27626
221.27626
222.55809
223.84737
223.84737
223.84737
225.1441
225.1441
225.1441
225.1441
226.44838
226.44838
227.76018
227.76018
227.76018
229.07959
229.07959
230.40665
230.40665
230.40665
231.74138
233.08386
233.08386
234.43411
234.43411
235.79218
235.79218
235.79218
235.79218
235.79218
235.79218
235.79218
235.79218
235.79218
234.43411
234.43411
234.43411
234.43411
235.79218
235.79218
235.79218
234.43411
234.43411
235.79218
235.79218
235.79218
234.43411
234.43411
233.08386
233.08386
234.43411
234.43411
235.79218
235.79218
235.79218
235.79218
235.79218
235.79218
235.79218
235.79218
235.79218
235.79218
234.43411
234.43411
237.1581
235.79218
233.08386
204.08658
208.85689
210.0668
211.2837
211.2837
212.50768
213.73872
213.73872
214.97691
214.97691
214.97691
216.22227
216.22227
217.47484
217.47484
218.73466
218.73466
220.00179
221.27626
221.27626
221.27626
222.55809
222.55809
223.84737
223.84737
225.1441
225.1441
225.1441
225.1441
226.44838
226.44838
226.44838
227.76018
227.76018
229.07959
229.07959
230.40665
230.40665
231.74138
231.74138
231.74138
233.08386
233.08386
234.43411
235.79218
235.79218
235.79218
235.79218
235.79218
235.79218
235.79218
235.79218
235.79218
234.43411
234.43411
234.43411
235.79218
235.79218
235.79218
235.79218
234.43411
234.43411
234.43411
235.79218
235.79218
234.43411
235.79218
233.08386
233.08386
234.43411
234.43411
235.79218
235.79218
235.79218
235.79218
235.79218
235.79218
235.79218
235.79218
235.79218
235.79218
234.43411
234.43411
235.79218
235.79218
200.58046
205.26884
208.85689
210.0668
211.2837
211.2837
211.2837
212.50768
212.50768
213.73872
214.97691
214.97691
216.22227
217.47484
217.47484
218.73466
218.73466
220.00179
220.00179
220.00179
221.27626
221.27626
222.55809
222.55809
223.84737
223.84737
223.84737
225.1441
225.1441
225.1441
226.44838
226.44838
226.44838
227.76018
229.07959
229.07959
230.40665
230.40665
230.40665
230.40665
231.74138
231.74138
233.08386
234.43411
234.43411
235.79218
235.79218
235.79218
235.79218
235.79218
235.79218
235.79218
235.79218
235.79218
234.43411
234.43411
234.43411
235.79218
235.79218
235.79218
235.79218
234.43411
234.43411
235.79218
235.79218
235.79218
235.79218
235.79218
234.43411
233.08386
234.43411
234.43411
235.79218
235.79218
235.79218
235.79218
235.79218
235.79218
235.79218
235.79218
235.79218
235.79218
234.43411
234.43411
235.79218
234.43411
226.44838
211.2837
208.85689
210.0668
210.0668
210.0668
210.0668
210.0668
210.0668
210.0668
210.0668
210.0668
210.0668
210.0668
210.0668
210.0668
210.0668
210.0668
210.0668
210.0668
210.0668
210.0668
210.0668
210.0668
210.0668
210.0668
210.0668
210.0668
210.0668
210.0668
210.0668
208.85689
208.85689
208.85689
208.85689
208.85689
208.85689
208.85689
208.85689
208.85689
208.85689
208.85689
208.85689
208.85689
208.85689
208.85689
208.85689
208.85689
208.85689
208.85689
208.85689
208.85689
208.85689
208.85689
208.85689
208.85689
208.85689
208.85689
208.85689
208.85689
208.85689
208.85689
208.85689
208.85689
208.85689
208.85689
208.85689
208.85689
208.85689
208.85689
208.85689
208.85689
208.85689
208.85689
208.85689
208.85689
208.85689
208.85689
208.85689
208.85689
208.85689
208.85689
208.85689
208.85689
208.85689
208.85689
208.85689
208.85689
208.85689
208.85689
208.85689
208.85689
208.85689
208.85689
208.85689
208.85689
208.85689
208.85689
208.85689
208.85689
208.85689
208.85689
208.85689
208.85689
208.85689
208.85689
208.85689
208.85689
208.85689
208.85689
208.85689
208.85689
208.85689
208.85689
208.85689
208.85689
208.85689
208.85689
208.85689
208.85689
208.85689
208.85689
208.85689
208.85689
208.85689
208.85689
208.85689
208.85689
208.85689
208.85689
208.85689
208.85689
208.85689
208.85689
208.85689
208.85689
208.85689
208.85689
208.85689
208.85689
208.85689
208.85689
208.85689
208.85689
208.85689
208.85689
208.85689
208.85689
0.0
0.0
0.0
0.0
0.0
0.0
0.0
0.0
0.0
0.0
0.0
0.0
0.0
0.0
0.0
0.0
0.0
0.0
0.0
0.0
0.0
0.0
0.0
0.0
213.73872
208.85689
208.85689
208.85689
210.0668
210.0668
210.0668
210.0668
210.0668
210.0668
210.0668
210.0668
210.0668
210.0668
210.0668
210.0668
210.0668
210.0668
210.0668
210.0668
210.0668
210.0668
210.0668
210.0668
210.0668
210.0668
210.0668
210.0668
210.0668
210.0668
210.0668
208.85689
208.85689
208.85689
208.85689
208.85689
208.85689
208.85689
208.85689
208.85689
208.85689
208.85689
208.85689
208.85689
208.85689
208.85689
208.85689
208.85689
208.85689
208.85689
208.85689
208.85689
208.85689
208.85689
208.85689
208.85689
208.85689
208.85689
208.85689
208.85689
208.85689
208.85689
208.85689
208.85689
208.85689
208.85689
208.85689
208.85689
208.85689
208.85689
208.85689
208.85689
208.85689
208.85689
208.85689
208.85689
208.85689
208.85689
208.85689
208.85689
208.85689
208.85689
208.85689
208.85689
208.85689
208.85689
208.85689
208.85689
208.85689
208.85689
208.85689
208.85689
208.85689
208.85689
208.85689
208.85689
208.85689
208.85689
208.85689
208.85689
208.85689
208.85689
208.85689
208.85689
208.85689
208.85689
208.85689
208.85689
208.85689
208.85689
208.85689
208.85689
208.85689
208.85689
208.85689
208.85689
208.85689
208.85689
208.85689
208.85689
208.85689
208.85689
208.85689
208.85689
208.85689
208.85689
208.85689
208.85689
208.85689
208.85689
208.85689
208.85689
208.85689
208.85689
208.85689
208.85689
208.85689
208.85689
208.85689
208.85689
208.85689
208.85689
208.85689
208.85689
208.85689
208.85689
208.85689
0.0
0.0
0.0
0.0
0.0
0.0
0.0
0.0
0.0
0.0
0.0
0.0
0.0
0.0
0.0
0.0
0.0
0.0
0.0
0.0
0.0
0.0
0.0
0.0
0.0
202.9111
206.45796
208.85689
210.0668
210.0668
210.0668
210.0668
210.0668
210.0668
210.0668
210.0668
210.0668
210.0668
210.0668
210.0668
210.0668
210.0668
211.2837
211.2837
212.50768
212.50768
212.50768
212.50768
212.50768
212.50768
212.50768
212.50768
212.50768
212.50768
212.50768
212.50768
212.50768
212.50768
212.50768
212.50768
213.73872
213.73872
213.73872
213.73872
213.73872
213.73872
213.73872
213.73872
213.73872
213.73872
213.73872
213.73872
213.73872
214.97691
214.97691
216.22227
216.22227
216.22227
216.22227
216.22227
216.22227
216.22227
216.22227
214.97691
214.97691
214.97691
216.22227
216.22227
216.22227
217.47484
218.73466
218.73466
218.73466
218.73466
217.47484
217.47484
217.47484
218.73466
218.73466
218.73466
218.73466
218.73466
217.47484
218.73466
218.73466
218.73466
220.00179
221.27626
221.27626
221.27626
221.27626
220.00179
220.00179
220.00179
220.00179
220.00179
220.00179
220.00179
220.00179
221.27626
221.27626
221.27626
222.55809
222.55809
222.55809
222.55809
222.55809
222.55809
222.55809
222.55809
222.55809
222.55809
222.55809
222.55809
222.55809
223.84737
223.84737
225.1441
225.1441
225.1441
225.1441
225.1441
226.44838
226.44838
225.1441
225.1441
225.1441
225.1441
225.1441
226.44838
226.44838
227.76018
227.76018
227.76018
227.76018
227.76018
227.76018
227.76018
227.76018
227.76018
227.76018
227.76018
227.76018
227.76018
227.76018
227.76018
229.07959
229.07959
230.40665
230.40665
230.40665
230.40665
229.07959
0.0
0.0
0.0
0.0
0.0
0.0
0.0
0.0
0.0
0.0
0.0
0.0
0.0
0.0
0.0
0.0
0.0
0.0
0.0
0.0
0.0
0.0
0.0
0.0
0.0
0.0
0.0
0.0
0.0
0.0
0.0
0.0
0.0
0.0
0.0
0.0
0.0
0.0
0.0
0.0
0.0
0.0
0.0
0.0
0.0
0.0
0.0
0.0
0.0
0.0
0.0
0.0
0.0
0.0
0.0
0.0
0.0
0.0
0.0
0.0
0.0
0.0
0.0
0.0
0.0
0.0
0.0
0.0
0.0
0.0
0.0
0.0
0.0
0.0
0.0
0.0
0.0
0.0
0.0
0.0
0.0
0.0
0.0
0.0
0.0
0.0
0.0
0.0
0.0
0.0
0.0
0.0
0.0
0.0
0.0
0.0
0.0
0.0
0.0
0.0
0.0
0.0
0.0
0.0
0.0
0.0
0.0
0.0
0.0
0.0
0.0
0.0
0.0
0.0
0.0
0.0
0.0
0.0
0.0
0.0
0.0
0.0
0.0
0.0
0.0
0.0
0.0
0.0
0.0
0.0
0.0
0.0
0.0
0.0
0.0
0.0
0.0
0.0
0.0
0.0
0.0
0.0
0.0
0.0
0.0
0.0
0.0
0.0
0.0
0.0
0.0
0.0
0.0
0.0
0.0
0.0
0.0
0.0
0.0
0.0
0.0
0.0
0.0
0.0
0.0
0.0
0.0
0.0
0.0
0.0
0.0
0.0
0.0
0.0
0.0
0.0
0.0
0.0
0.0
0.0
0.0
0.0
0.0
0.0
0.0
0.0
0.0
0.0
0.0
0.0
0.0
0.0
0.0
0.0
0.0
0.0
201.74243
206.45796
207.65396
210.0668
212.50768
213.73872
214.97691
216.22227
216.22227
217.47484
218.73466
220.00179
221.27626
222.55809
223.84737
225.1441
226.44838
227.76018
229.07959
230.40665
231.74138
233.08386
233.08386
233.08386
234.43411
235.79218
235.79218
237.1581
237.1581
237.1581
235.79218
235.79218
235.79218
235.79218
235.79218
235.79218
235.79218
235.79218
234.43411
234.43411
235.79218
235.79218
238.53195
237.1581
230.40665
213.73872
211.2837
211.2837
212.50768
213.73872
213.73872
214.97691
216.22227
217.47484
218.73466
221.27626
222.55809
223.84737
226.44838
227.76018
229.07959
230.40665
231.74138
233.08386
234.43411
234.43411
234.43411
235.79218
235.79218
237.1581
237.1581
237.1581
237.1581
235.79218
235.79218
235.79218
235.79218
235.79218
235.79218
235.79218
234.43411
235.79218
235.79218
235.79218
234.43411
235.79218
234.43411
227.76018
208.85689
210.0668
212.50768
213.73872
214.97691
216.22227
217.47484
218.73466
220.00179
220.00179
221.27626
222.55809
223.84737
225.1441
226.44838
227.76018
227.76018
229.07959
230.40665
231.74138
233.08386
234.43411
235.79218
235.79218
235.79218
235.79218
235.79218
235.79218
235.79218
235.79218
235.79218
235.79218
235.79218
235.79218
235.79218
235.79218
234.43411
235.79218
235.79218
235.79218
235.79218
234.43411
234.43411
205.26884
207.65396
210.0668
212.50768
213.73872
214.97691
216.22227
216.22227
217.47484
218.73466
220.00179
221.27626
223.84737
225.1441
226.44838
227.76018
230.40665
231.74138
233.08386
234.43411
234.43411
235.79218
235.79218
235.79218
237.1581
237.1581
237.1581
237.1581
235.79218
235.79218
235.79218
235.79218
235.79218
235.79218
235.79218
235.79218
235.79218
235.79218
235.79218
235.79218
233.08386
234.43411
205.26884
204.08658
210.0668
211.2837
212.50768
213.73872
214.97691
216.22227
217.47484
218.73466
220.00179
220.00179
221.27626
222.55809
223.84737
226.44838
227.76018
229.07959
230.40665
230.40665
231.74138
233.08386
234.43411
235.79218
235.79218
235.79218
235.79218
235.79218
235.79218
235.79218
235.79218
235.79218
235.79218
235.79218
235.79218
235.79218
235.79218
234.43411
234.43411
235.79218
235.79218
237.1581
237.1581
230.40665
218.73466
211.2837
211.2837
212.50768
212.50768
213.73872
216.22227
216.22227
217.47484
218.73466
218.73466
221.27626
222.55809
223.84737
226.44838
227.76018
229.07959
230.40665
231.74138
233.08386
234.43411
234.43411
235.79218
235.79218
237.1581
237.1581
237.1581
237.1581
237.1581
235.79218
235.79218
235.79218
235.79218
235.79218
235.79218
235.79218
234.43411
234.43411
235.79218
235.79218
233.08386
216.22227
206.45796
208.85689
210.0668
212.50768
213.73872
214.97691
216.22227
217.47484
218.73466
218.73466
220.00179
221.27626
222.55809
223.84737
225.1441
226.44838
227.76018
229.07959
230.40665
231.74138
233.08386
233.08386
234.43411
235.79218
235.79218
235.79218
235.79218
235.79218
235.79218
235.79218
235.79218
235.79218
235.79218
235.79218
235.79218
235.79218
235.79218
234.43411
235.79218
235.79218
235.79218
235.79218
233.08386
234.43411
205.26884
206.45796
210.0668
211.2837
213.73872
214.97691
216.22227
216.22227
217.47484
218.73466
220.00179
220.00179
221.27626
223.84737
225.1441
226.44838
227.76018
229.07959
230.40665
233.08386
234.43411
234.43411
235.79218
235.79218
235.79218
237.1581
237.1581
237.1581
235.79218
235.79218
235.79218
235.79218
235.79218
235.79218
235.79218
235.79218
234.43411
234.43411
235.79218
235.79218
235.79218
237.1581
238.53195
