0.00000000
0.00000000
53.93356360
53.98911817
54.04845964
54.10439764
54.14874924
54.17726890
54.19293546
54.19836420
54.20012665
54.20012665
54.20012665
54.20012665
54.20012665
54.20012665
54.20012665
54.20012665
54.20012665
54.20012665
54.20012665
54.20012665
54.20012665
54.20012665
54.20012665
54.20012665
54.20012665
54.20100786
54.20372217
54.21023348
54.22327944
54.24369343
54.26937998
54.29653031
54.31988372
54.33428684
54.33700115
54.32999055
54.31880186
54.30935110
54.30372079
54.30012516
54.29652960
54.28913705
54.27425791
54.25004679
54.21782536
54.18242556
54.15020384
54.12599229
54.11111279
54.10372002
54.10100560
54.10012436
54.10012436
54.10100560
54.10372002
54.11111279
54.12599229
54.15020384
54.18242556
54.21782536
54.25004679
54.27425791
54.28913705
54.29652960
54.29924391
54.30012512
54.30012512
54.29924391
54.29652960
54.28913705
54.27425791
54.25004679
54.21782536
54.18242556
54.15020384
54.12599229
54.11111279
54.10372002
54.10100560
54.10012436
54.10012436
54.10188681
54.10907800
54.12488594
54.15409565
54.19429120
54.23330961
54.25660449
54.25887905
54.24964375
54.24376544
54.24912203
54.26279766
54.27785357
54.29001829
54.29652960
54.29836270
54.29652960
54.29001829
54.27785357
54.26015400
54.24009777
54.22239820
54.21023348
54.20372217
54.20100786
54.20012665
54.20012665
54.20012665
54.20012665
54.20012665
54.20100786
54.20372217
54.21111472
54.22599386
54.24932374
54.27883074
54.30771899
54.32777553
54.33428684
54.32910934
54.31880186
54.30935110
54.30372079
54.30100637
54.29924391
54.29652960
54.28913705
54.27425791
54.25004679
54.21782536
54.18242556
54.15020384
54.12599229
54.11111279
54.10372002
54.10100560
54.10012436
54.10100560
54.10372002
54.11111279
54.12599229
54.15020384
54.18242556
54.21782536
54.25004679
54.27425791
54.28913705
54.29652960
54.29924391
54.30012512
54.30012512
54.29924391
54.29652960
54.29001829
54.27697233
54.25655834
54.22999055
54.20012580
54.17026084
54.14369253
54.12327797
54.11023158
54.10372002
54.10100560
54.10012436
54.10012436
54.10012436
54.09571821
54.08302756
54.05582840
54.01053932
53.95733463
53.92135342
53.92740121
53.98082275
54.06345190
54.14834279
54.21610667
54.26150713
54.28554142
54.29564835
54.29924391
54.29924391
54.29652960
54.29001829
54.27785357
54.26015400
54.24009777
54.22239820
54.21023348
54.20372217
54.20100786
54.20012665
54.20012665
54.20012665
54.20012665
54.20100786
54.20372217
54.21111472
54.22599386
54.25020498
54.28242641
54.31782621
54.35004793
54.37425948
54.38825774
54.39293609
54.38913895
54.37785501
54.36015477
54.34009777
54.32151632
54.30575557
54.29001829
54.26862759
54.23788160
54.20012512
54.16236856
54.13250359
54.11382710
54.10460123
54.10100560
54.10012436
54.10012436
54.10100560
54.10372002
54.11111279
54.12599229
54.15020384
54.18242556
54.21782536
54.25004679
54.27425791
54.28913705
54.29652960
54.29924391
54.30012512
54.30012512
54.30012512
54.29924391
54.29652960
54.28913705
54.27425791
54.25004679
54.21782536
54.18242556
54.15020384
54.12599229
54.11111279
54.10372002
54.10100560
54.10012436
54.09924315
54.09300389
54.07827871
54.04997362
54.00945818
53.97171524
53.96044426
53.99172578
54.05963244
54.14052362
54.21040564
54.25791147
54.28466017
54.29564835
54.29924391
54.29924391
54.29652960
54.29001829
54.27785357
54.26015400
54.24009777
54.22239820
54.21023348
54.20372217
54.20100786
54.20012665
54.20012665
54.20012665
54.20012665
54.20100786
54.20372217
54.21023348
54.22327944
54.24369343
54.27026122
54.30012597
54.32999093
54.35655924
54.37609255
54.38642453
54.38642453
54.37697376
54.36015477
54.34009777
54.32151632
54.30663681
54.29273271
54.27513915
54.25004679
54.21782536
54.18242556
54.15020384
54.12599229
54.11111279
54.10372002
54.10100560
54.10012436
54.10012436
54.10100560
54.10372002
54.11111279
54.12599229
54.15020384
54.18242556
54.21782536
54.25004679
54.27425791
54.28913705
54.29652960
54.29924391
54.30012512
54.30012512
54.30012512
54.30012512
54.29924391
54.29652960
54.28913705
54.27425791
54.25004679
54.21782536
54.18242556
54.15020384
54.12599229
54.11111279
54.10372002
54.10100560
54.09924315
54.09476635
54.08018254
54.05037656
54.00143238
53.94183674
53.89532089
53.88922729
53.93307771
54.00945874
54.08773115
54.14590148
54.17930334
54.19476853
54.19924540
54.20012665
54.20012665
54.20012665
54.20012665
54.20012665
54.20012665
54.20012665
54.20012665
54.20012665
54.20012665
54.20012665
54.20012665
54.20012665
54.20012665
54.20012665
54.20012665
54.20012665
54.20012665
54.20012665
54.20012665
54.20012665
54.20012665
54.20012665
54.19924540
54.19653099
54.19001943
54.17785424
54.16015400
54.14009700
54.12239676
54.11023158
54.10372002
54.10100560
54.10012436
54.10012436
54.10012436
54.10012436
54.10012436
54.10012436
54.10012436
54.10012436
54.10012436
54.10012436
54.10012436
54.10012436
54.10012436
54.10012436
54.10012436
54.10012436
54.10012436
54.10012436
54.10012436
54.10012436
54.10012436
54.10012436
54.10012436
54.10012436
54.10012436
54.10012436
54.10012436
54.10012436
54.10012436
54.10012436
54.10012436
54.10012436
54.10012436
54.10012436
54.10012436
54.10012436
54.10012436
54.10012436
54.10012436
54.10012436
54.10012436
54.10012436
54.10012436
54.10012436
54.10012436
54.10012436
54.10012436
54.10012436
54.10012436
54.10012436
54.10012436
54.10012436
54.10012436
54.10012436
54.10012436
54.10012436
54.10012436
54.10012436
54.10012436
54.10012436
54.10012436
54.10012436
54.10012436
54.10012436
54.10012436
54.10012436
54.10012436
54.10012436
54.10012436
54.10012436
54.10012436
54.10012436
54.10012436
54.10012436
54.10012436
54.10012436
54.10012436
54.10012436
54.10012436
54.10012436
54.10012436
54.10012436
54.10012436
54.10012436
54.10012436
54.10012436
54.10012436
54.10012436
54.10012436
54.10012436
54.10012436
54.10012436
54.10012436
54.10012436
54.10012436
54.10012436
54.10012436
54.10012436
54.10012436
54.10012436
54.10012436
54.10012436
0.00000000
0.00000000
0.00000000
0.00000000
0.00000000
0.00000000
0.00000000
0.00000000
0.00000000
0.00000000
0.00000000
0.00000000
0.00000000
0.00000000
0.00000000
0.00000000
0.00000000
0.00000000
0.00000000
0.00000000
0.00000000
0.00000000
0.00000000
0.00000000
0.00000000
0.00000000
0.00000000
53.77843370
53.78680543
53.82138129
53.88666949
53.97352565
54.06078214
54.12905831
54.17095882
54.19117297
54.19836420
54.20012665
54.20012665
54.20012665
54.20012665
54.20012665
54.20012665
54.20012665
54.20012665
54.20012665
54.20012665
54.20012665
54.20012665
54.20012665
54.20012665
54.20100786
54.20372217
54.21023348
54.22327944
54.24369343
54.27026122
54.30012597
54.32999093
54.35655924
54.37609255
54.38642453
54.38642453
54.37697376
54.36015477
54.34009777
54.32151632
54.30663681
54.29273271
54.27513915
54.25004679
54.21782536
54.18242556
54.15020384
54.12599229
54.11111279
54.10372002
54.10100560
54.10012436
54.10012436
54.10012436
54.10012436
54.10100560
54.10372002
54.11111279
54.12599229
54.15020384
54.18242556
54.21782536
54.25004679
54.27425791
54.28913705
54.29652960
54.29924391
54.30012512
54.30012512
54.29924391
54.29652960
54.28913705
54.27425791
54.25004679
54.21782536
54.18242556
54.15020384
54.12599229
54.11111279
54.10372002
54.10100560
54.10012436
54.10012436
54.10100560
54.10372002
54.11111279
54.12599229
54.15020384
54.18242556
54.21782536
54.25004679
54.27425791
54.28913705
54.29652960
54.29924391
54.30012512
54.30012512
54.29924391
54.29652960
54.28913705
54.27425791
54.25004679
54.21782536
54.18242556
54.15020384
54.12599229
54.11111279
54.10372002
54.10100560
54.10012436
54.10012436
54.10100560
54.10372002
54.11111279
54.12599229
54.15020384
54.18242556
54.21782536
54.25004679
54.27425791
54.28913705
54.29652960
54.29924391
54.30012512
54.30012512
54.29924391
54.29652960
54.28913705
54.27425791
54.25004679
54.21782536
54.18242556
54.15064907
54.12695708
54.11234825
54.10475031
54.10159241
0.00000000
0.00000000
0.00000000
0.00000000
0.00000000
0.00000000
0.00000000
0.00000000
0.00000000
0.00000000
0.00000000
0.00000000
0.00000000
0.00000000
0.00000000
0.00000000
0.00000000
0.00000000
0.00000000
0.00000000
0.00000000
0.00000000
0.00000000
0.00000000
0.00000000
0.00000000
0.00000000
0.00000000
0.00000000
0.00000000
0.00000000
0.00000000
0.00000000
0.00000000
0.00000000
0.00000000
53.64797558
53.84755666
53.95894742
54.11687828
54.16724449
54.20616370
54.22892877
54.23612000
54.22999094
54.21880268
54.20935227
54.20372217
54.20100786
54.20012665
54.20012665
54.20012665
54.20012665
54.20012665
54.20012665
54.20012665
54.20012665
54.20012665
54.20012665
54.20012665
54.20100786
54.20372217
54.21023348
54.22327944
54.24281219
54.26666556
54.29001875
54.30771853
54.31658660
54.31694415
54.31229031
54.30663668
54.30283954
54.30100637
54.30012512
54.30012512
54.29924391
54.29652960
54.28913705
54.27425791
54.25004679
54.21782536
54.18242556
54.15020384
54.12599229
54.11111279
54.10372002
54.10100560
54.10012436
54.10012436
54.10100560
54.10372002
54.11111279
54.12599229
54.15020384
54.18242556
54.21782536
54.25004679
54.27425791
54.28913705
54.29652960
54.29924391
54.30012512
54.30012512
54.29924391
54.29652960
54.28913705
54.27425791
54.25004679
54.21782536
54.18242556
54.15020384
54.12599229
54.11111279
54.10372002
54.10100560
54.10012436
54.10012436
54.10100560
54.10372002
54.11111279
54.12599229
54.15020384
54.18242556
54.21782536
54.25004679
54.27425791
54.28913705
54.29652960
54.29924391
54.30012512
54.30012512
54.29924391
54.29652960
54.28913705
54.27425791
54.25004679
54.21782536
54.18242556
54.15020384
54.12599229
54.11111279
54.10372002
54.10100560
54.10012436
54.10012436
54.10100560
54.10372002
54.11111279
54.12599229
54.15020384
54.18242556
54.21782536
54.25004679
54.27425791
54.28913705
54.29652960
54.29924391
54.30012512
54.30012512
54.30012512
54.30012512
54.29924391
54.29652960
54.29081748
54.28075254
54.26690309
54.25155093
54.23722842
0.00000000
0.00000000
0.00000000
0.00000000
0.00000000
0.00000000
0.00000000
0.00000000
0.00000000
0.00000000
0.00000000
0.00000000
0.00000000
0.00000000
0.00000000
0.00000000
0.00000000
0.00000000
0.00000000
0.00000000
0.00000000
0.00000000
0.00000000
0.00000000
0.00000000
0.00000000
0.00000000
0.00000000
0.00000000
0.00000000
0.00000000
0.00000000
0.00000000
0.00000000
0.00000000
0.00000000
0.00000000
0.00000000
0.00000000
0.00000000
0.00000000
0.00000000
0.00000000
0.00000000
0.00000000
0.00000000
0.00000000
0.00000000
0.00000000
0.00000000
0.00000000
0.00000000
0.00000000
0.00000000
0.00000000
0.00000000
0.00000000
0.00000000
0.00000000
0.00000000
0.00000000
0.00000000
0.00000000
0.00000000
0.00000000
0.00000000
0.00000000
0.00000000
0.00000000
0.00000000
0.00000000
0.00000000
0.00000000
0.00000000
0.00000000
0.00000000
0.00000000
0.00000000
0.00000000
0.00000000
0.00000000
0.00000000
0.00000000
0.00000000
0.00000000
0.00000000
0.00000000
0.00000000
0.00000000
0.00000000
0.00000000
0.00000000
0.00000000
0.00000000
0.00000000
0.00000000
0.00000000
0.00000000
0.00000000
0.00000000
0.00000000
0.00000000
0.00000000
0.00000000
0.00000000
0.00000000
0.00000000
0.00000000
0.00000000
0.00000000
0.00000000
0.00000000
0.00000000
0.00000000
0.00000000
0.00000000
0.00000000
0.00000000
0.00000000
0.00000000
0.00000000
0.00000000
0.00000000
0.00000000
0.00000000
0.00000000
0.00000000
0.00000000
0.00000000
0.00000000
0.00000000
0.00000000
0.00000000
0.00000000
0.00000000
0.00000000
0.00000000
0.00000000
0.00000000
0.00000000
0.00000000
0.00000000
0.00000000
0.00000000
0.00000000
0.00000000
0.00000000
0.00000000
0.00000000
0.00000000
0.00000000
0.00000000
0.00000000
0.00000000
0.00000000
0.00000000
0.00000000
0.00000000
0.00000000
0.00000000
0.00000000
0.00000000
0.00000000
0.00000000
0.00000000
0.00000000
0.00000000
0.00000000
0.00000000
0.00000000
0.00000000
0.00000000
0.00000000
0.00000000
0.00000000
0.00000000
0.00000000
0.00000000
0.00000000
0.00000000
0.00000000
0.00000000
0.00000000
0.00000000
0.00000000
0.00000000
0.00000000
0.00000000
0.00000000
0.00000000
0.00000000
0.00000000
0.00000000
0.00000000
0.00000000
0.00000000
0.00000000
0.00000000
0.00000000
0.00000000
0.00000000
0.00000000
0.00000000
0.00000000
0.00000000
0.00000000
0.00000000
0.00000000
0.00000000
0.00000000
0.00000000
53.58815190
53.78219694
53.89325563
54.05108053
54.11013844
54.15445266
54.18106579
54.19476853
54.19924540
54.20012665
54.20012665
54.20012665
54.20012665
54.20012665
54.20012665
54.20012665
54.20012665
54.20012665
54.20012665
54.20012665
54.20012665
54.20012665
54.20012665
54.20012665
54.20012665
54.20012665
54.20100786
54.20372217
54.21023348
54.22327944
54.24369343
54.26937998
54.29653031
54.31988372
54.33428684
54.33700115
54.32999055
54.31703941
54.30304115
54.28622116
54.26297396
54.23146533
54.19505405
54.15909525
54.12946959
54.11188839
54.11061453
54.12511186
54.14887053
54.17134294
54.18730511
54.19564978
54.19924540
54.20012665
54.20012665
54.20012665
54.20012665
54.20012665
54.20012665
54.20012665
54.20012665
54.20012665
54.20012665
54.20012665
54.20012665
54.20012665
54.20012665
54.20012665
54.20100786
54.20372217
54.21023348
54.22239820
54.24009777
54.26015400
54.27785357
54.29001829
54.29652960
54.29924391
54.30012512
54.30012512
54.29836267
54.29464812
54.28039820
54.25094886
54.19665230
54.00741364
53.81606617
53.90985870
53.95814897
54.04653786
54.13911692
54.21884459
54.25974468
54.28194589
54.28642273
54.28056788
54.27026083
54.26236932
54.26236932
54.27026083
54.28144909
54.29001829
54.29293407
54.28913708
54.27785357
54.26015400
54.24009777
54.22239820
54.21023348
54.20372217
54.20100786
54.20012665
54.20012665
54.20100786
54.20372217
54.21023348
54.22239820
54.24009777
54.26015400
54.27785357
54.29001829
54.29652960
54.29924391
54.30100637
54.30724569
54.32038712
54.35153030
54.40342543
54.55049964
54.64484057
54.79099898
54.65829055
54.56686552
54.41259185
54.34920600
54.31183795
54.29867653
54.29537627
54.29741081
54.29924391
54.30012512
54.29924391
54.29652960
54.29089950
54.28144909
54.27026083
54.26148811
54.25877380
54.26015400
54.25917754
54.25092838
54.23650224
54.22151699
54.21023348
54.20460338
54.20460338
54.21111472
54.22599386
54.25020498
54.28242641
54.31782621
54.35004793
54.37337824
54.38554332
54.38642453
54.37697376
54.35839231
54.33026288
54.29576434
54.24569924
54.17695001
54.01775483
53.90892767
53.77594558
53.86131699
53.94299378
54.05668858
54.18053331
54.24240541
54.27570653
54.29029037
54.28913708
54.27785357
54.26015400
54.24009777
54.22239820
54.21023348
54.20372217
54.20100786
54.20012665
54.20012665
54.20012665
54.20012665
54.20012665
54.20012665
54.20012665
54.20012665
54.20012665
54.20012665
54.20012665
54.20012665
54.20012665
54.20012665
54.19924540
54.19653099
54.19001943
54.17785424
54.16015400
54.14009700
54.12239676
54.11199403
54.10922899
54.11454704
54.12498544
54.13697841
54.14000675
52.99387624
53.00636027
54.09325482
54.11242283
54.14139399
54.16724475
54.18534165
54.19476853
54.19924540
54.20012665
54.20012665
54.20012665
54.20012665
54.20012665
54.20012665
54.20012665
54.20012665
54.20012665
54.20012665
54.20012665
54.20012665
54.20012665
54.20012665
54.20012665
54.20012665
54.20012665
54.20012665
54.20012665
54.20012665
54.20012665
54.20012665
54.19924540
54.19653099
54.19001943
54.17785424
54.16103525
54.14281142
54.12714586
54.11520557
54.10208746
54.08099552
54.05246482
54.02820744
54.02353052
54.04532523
54.08592591
54.12953768
54.16415175
54.18554266
54.19564978
54.19924540
54.20012665
54.20012665
54.20012665
54.20012665
54.20012665
54.20012665
54.20012665
54.20012665
54.20012665
54.20012665
54.20012665
54.20012665
54.20012665
54.20012665
54.20012665
54.20012665
54.20012665
54.20012665
54.20012665
54.20012665
54.20012665
54.20012665
54.20012665
54.20012665
54.19924540
54.19653099
54.19001943
54.17785424
54.16103525
54.14369267
54.12897904
54.11724026
54.10322085
54.07555513
54.03260663
53.98911092
53.97309841
55.20013046
54.07127300
54.13464079
54.17869474
54.20810144
54.22751789
54.23700121
54.23788245
54.22999094
54.21880268
54.20935227
54.20372217
54.20100786
54.20012665
54.20012665
54.20012665
54.20012665
54.20012665
54.20012665
54.20012665
54.20012665
54.20012665
54.20012665
54.20012665
54.20012665
54.20012665
54.20012665
54.20012665
54.20012665
54.19924540
54.19653099
54.19001943
54.17785424
54.16015400
54.14097825
54.12599243
54.12122000
54.12807178
54.14552636
54.16919218
54.19424353
54.21670053
